arima: 714.4516747785437
lstm: 772.3934724451401
xgboost: 852.7100156581133